<!DOCTYPE html>
<html xmlns="http://www.w3.org/1999/xhtml" lang="en" xml:lang="en"><head>

<meta charset="utf-8">
<meta name="generator" content="quarto-1.2.475">

<meta name="viewport" content="width=device-width, initial-scale=1.0, user-scalable=yes">


<title>Debug effort distribution</title>
<style>
code{white-space: pre-wrap;}
span.smallcaps{font-variant: small-caps;}
div.columns{display: flex; gap: min(4vw, 1.5em);}
div.column{flex: auto; overflow-x: auto;}
div.hanging-indent{margin-left: 1.5em; text-indent: -1.5em;}
ul.task-list{list-style: none;}
ul.task-list li input[type="checkbox"] {
  width: 0.8em;
  margin: 0 0.8em 0.2em -1.6em;
  vertical-align: middle;
}
pre > code.sourceCode { white-space: pre; position: relative; }
pre > code.sourceCode > span { display: inline-block; line-height: 1.25; }
pre > code.sourceCode > span:empty { height: 1.2em; }
.sourceCode { overflow: visible; }
code.sourceCode > span { color: inherit; text-decoration: inherit; }
div.sourceCode { margin: 1em 0; }
pre.sourceCode { margin: 0; }
@media screen {
div.sourceCode { overflow: auto; }
}
@media print {
pre > code.sourceCode { white-space: pre-wrap; }
pre > code.sourceCode > span { text-indent: -5em; padding-left: 5em; }
}
pre.numberSource code
  { counter-reset: source-line 0; }
pre.numberSource code > span
  { position: relative; left: -4em; counter-increment: source-line; }
pre.numberSource code > span > a:first-child::before
  { content: counter(source-line);
    position: relative; left: -1em; text-align: right; vertical-align: baseline;
    border: none; display: inline-block;
    -webkit-touch-callout: none; -webkit-user-select: none;
    -khtml-user-select: none; -moz-user-select: none;
    -ms-user-select: none; user-select: none;
    padding: 0 4px; width: 4em;
    color: #aaaaaa;
  }
pre.numberSource { margin-left: 3em; border-left: 1px solid #aaaaaa;  padding-left: 4px; }
div.sourceCode
  {   }
@media screen {
pre > code.sourceCode > span > a:first-child::before { text-decoration: underline; }
}
code span.al { color: #ff0000; font-weight: bold; } /* Alert */
code span.an { color: #60a0b0; font-weight: bold; font-style: italic; } /* Annotation */
code span.at { color: #7d9029; } /* Attribute */
code span.bn { color: #40a070; } /* BaseN */
code span.bu { color: #008000; } /* BuiltIn */
code span.cf { color: #007020; font-weight: bold; } /* ControlFlow */
code span.ch { color: #4070a0; } /* Char */
code span.cn { color: #880000; } /* Constant */
code span.co { color: #60a0b0; font-style: italic; } /* Comment */
code span.cv { color: #60a0b0; font-weight: bold; font-style: italic; } /* CommentVar */
code span.do { color: #ba2121; font-style: italic; } /* Documentation */
code span.dt { color: #902000; } /* DataType */
code span.dv { color: #40a070; } /* DecVal */
code span.er { color: #ff0000; font-weight: bold; } /* Error */
code span.ex { } /* Extension */
code span.fl { color: #40a070; } /* Float */
code span.fu { color: #06287e; } /* Function */
code span.im { color: #008000; font-weight: bold; } /* Import */
code span.in { color: #60a0b0; font-weight: bold; font-style: italic; } /* Information */
code span.kw { color: #007020; font-weight: bold; } /* Keyword */
code span.op { color: #666666; } /* Operator */
code span.ot { color: #007020; } /* Other */
code span.pp { color: #bc7a00; } /* Preprocessor */
code span.sc { color: #4070a0; } /* SpecialChar */
code span.ss { color: #bb6688; } /* SpecialString */
code span.st { color: #4070a0; } /* String */
code span.va { color: #19177c; } /* Variable */
code span.vs { color: #4070a0; } /* VerbatimString */
code span.wa { color: #60a0b0; font-weight: bold; font-style: italic; } /* Warning */
</style>


<script src="01-debug-effort-distribution_files/libs/clipboard/clipboard.min.js"></script>
<script src="01-debug-effort-distribution_files/libs/quarto-html/quarto.js"></script>
<script src="01-debug-effort-distribution_files/libs/quarto-html/popper.min.js"></script>
<script src="01-debug-effort-distribution_files/libs/quarto-html/tippy.umd.min.js"></script>
<script src="01-debug-effort-distribution_files/libs/quarto-html/anchor.min.js"></script>
<link href="01-debug-effort-distribution_files/libs/quarto-html/tippy.css" rel="stylesheet">
<link href="01-debug-effort-distribution_files/libs/quarto-html/quarto-syntax-highlighting.css" rel="stylesheet" id="quarto-text-highlighting-styles">
<script src="01-debug-effort-distribution_files/libs/bootstrap/bootstrap.min.js"></script>
<link href="01-debug-effort-distribution_files/libs/bootstrap/bootstrap-icons.css" rel="stylesheet">
<link href="01-debug-effort-distribution_files/libs/bootstrap/bootstrap.min.css" rel="stylesheet" id="quarto-bootstrap" data-mode="light">
<script src="01-debug-effort-distribution_files/libs/htmlwidgets-1.6.2/htmlwidgets.js"></script>
<script src="01-debug-effort-distribution_files/libs/plotly-binding-4.10.2/plotly.js"></script>
<script src="01-debug-effort-distribution_files/libs/typedarray-0.1/typedarray.min.js"></script>
<script src="01-debug-effort-distribution_files/libs/jquery-3.5.1/jquery.min.js"></script>
<link href="01-debug-effort-distribution_files/libs/crosstalk-1.2.0/css/crosstalk.min.css" rel="stylesheet">
<script src="01-debug-effort-distribution_files/libs/crosstalk-1.2.0/js/crosstalk.min.js"></script>
<link href="01-debug-effort-distribution_files/libs/plotly-htmlwidgets-css-2.11.1/plotly-htmlwidgets.css" rel="stylesheet">
<script src="01-debug-effort-distribution_files/libs/plotly-main-2.11.1/plotly-latest.min.js"></script>


</head>

<body class="fullcontent">

<div id="quarto-content" class="page-columns page-rows-contents page-layout-article">

<main class="content" id="quarto-document-content">

<header id="title-block-header" class="quarto-title-block default">
<div class="quarto-title">
<h1 class="title">Debug effort distribution</h1>
</div>



<div class="quarto-title-meta">

    
  
    
  </div>
  

</header>

<p>I observed that the effort distribution between no network and low clustering network were different in their boundaries: the former was in the interval [-5,5], as expected, but the latter was at [-10,10]. In my intuition, this was incorrect, since this would move effort to much higher/lower levels with the network configuration than without. But we should things that are not relevant to us stable, so we can observe differences due to the meaningful variations we introduce.</p>
<p>Below I explore how the two different parameterisations behave. In the end, I updated the parameterisation to have sharing-effort on the same scale [-5,5] for both with and without networks</p>
<div class="cell">
<div class="sourceCode cell-code" id="cb1"><pre class="sourceCode r code-with-copy"><code class="sourceCode r"><span id="cb1-1"><a href="#cb1-1" aria-hidden="true" tabindex="-1"></a><span class="fu">library</span>(dplyr)</span>
<span id="cb1-2"><a href="#cb1-2" aria-hidden="true" tabindex="-1"></a><span class="fu">library</span>(tidyr)</span>
<span id="cb1-3"><a href="#cb1-3" aria-hidden="true" tabindex="-1"></a><span class="fu">library</span>(ggplot2)</span>
<span id="cb1-4"><a href="#cb1-4" aria-hidden="true" tabindex="-1"></a></span>
<span id="cb1-5"><a href="#cb1-5" aria-hidden="true" tabindex="-1"></a>test_df <span class="ot">&lt;-</span> <span class="fu">tibble</span>(</span>
<span id="cb1-6"><a href="#cb1-6" aria-hidden="true" tabindex="-1"></a>  <span class="at">indiv_utility =</span> <span class="fu">seq</span>(<span class="sc">-</span><span class="dv">5</span>, <span class="dv">5</span>, .<span class="dv">2</span>),</span>
<span id="cb1-7"><a href="#cb1-7" aria-hidden="true" tabindex="-1"></a>  <span class="at">norm =</span> <span class="fu">seq</span>(<span class="sc">-</span><span class="dv">5</span>, <span class="dv">5</span>, .<span class="dv">2</span>)</span>
<span id="cb1-8"><a href="#cb1-8" aria-hidden="true" tabindex="-1"></a>)</span>
<span id="cb1-9"><a href="#cb1-9" aria-hidden="true" tabindex="-1"></a></span>
<span id="cb1-10"><a href="#cb1-10" aria-hidden="true" tabindex="-1"></a>pdata <span class="ot">&lt;-</span> test_df <span class="sc">%&gt;%</span> </span>
<span id="cb1-11"><a href="#cb1-11" aria-hidden="true" tabindex="-1"></a>  <span class="fu">complete</span>(indiv_utility, norm) <span class="sc">%&gt;%</span> </span>
<span id="cb1-12"><a href="#cb1-12" aria-hidden="true" tabindex="-1"></a>  <span class="fu">mutate</span>(<span class="at">effort_old =</span> indiv_utility <span class="sc">+</span> norm,</span>
<span id="cb1-13"><a href="#cb1-13" aria-hidden="true" tabindex="-1"></a>         <span class="at">effort_new =</span> .<span class="dv">5</span> <span class="sc">*</span> indiv_utility <span class="sc">+</span> .<span class="dv">5</span> <span class="sc">*</span> norm) <span class="sc">%&gt;%</span> </span>
<span id="cb1-14"><a href="#cb1-14" aria-hidden="true" tabindex="-1"></a>  <span class="fu">pivot_longer</span>(<span class="fu">contains</span>(<span class="st">"effort"</span>))</span>
<span id="cb1-15"><a href="#cb1-15" aria-hidden="true" tabindex="-1"></a></span>
<span id="cb1-16"><a href="#cb1-16" aria-hidden="true" tabindex="-1"></a></span>
<span id="cb1-17"><a href="#cb1-17" aria-hidden="true" tabindex="-1"></a>inv_logit <span class="ot">&lt;-</span> <span class="cf">function</span>(x) <span class="dv">1</span> <span class="sc">/</span> (<span class="dv">1</span> <span class="sc">+</span> <span class="fu">exp</span>(<span class="sc">-</span>x))</span></code><button title="Copy to Clipboard" class="code-copy-button"><i class="bi"></i></button></pre></div>
</div>
<div class="cell">
<div class="sourceCode cell-code" id="cb2"><pre class="sourceCode r code-with-copy"><code class="sourceCode r"><span id="cb2-1"><a href="#cb2-1" aria-hidden="true" tabindex="-1"></a>p <span class="ot">&lt;-</span> pdata <span class="sc">%&gt;%</span> </span>
<span id="cb2-2"><a href="#cb2-2" aria-hidden="true" tabindex="-1"></a>  <span class="fu">ggplot</span>(<span class="fu">aes</span>(indiv_utility, norm, <span class="at">fill =</span> <span class="fu">inv_logit</span>(value))) <span class="sc">+</span></span>
<span id="cb2-3"><a href="#cb2-3" aria-hidden="true" tabindex="-1"></a>  <span class="fu">geom_tile</span>() <span class="sc">+</span></span>
<span id="cb2-4"><a href="#cb2-4" aria-hidden="true" tabindex="-1"></a>  <span class="fu">facet_wrap</span>(<span class="fu">vars</span>(name)) <span class="sc">+</span></span>
<span id="cb2-5"><a href="#cb2-5" aria-hidden="true" tabindex="-1"></a>  colorspace<span class="sc">::</span><span class="fu">scale_fill_continuous_diverging</span>(<span class="at">mid =</span> .<span class="dv">5</span>) <span class="sc">+</span></span>
<span id="cb2-6"><a href="#cb2-6" aria-hidden="true" tabindex="-1"></a>  <span class="fu">theme_minimal</span>() <span class="sc">+</span></span>
<span id="cb2-7"><a href="#cb2-7" aria-hidden="true" tabindex="-1"></a>  <span class="fu">coord_fixed</span>()</span>
<span id="cb2-8"><a href="#cb2-8" aria-hidden="true" tabindex="-1"></a>p</span></code><button title="Copy to Clipboard" class="code-copy-button"><i class="bi"></i></button></pre></div>
<div class="cell-output-display">
<p><img src="01-debug-effort-distribution_files/figure-html/unnamed-chunk-2-1.png" class="img-fluid" width="768"></p>
</div>
</div>
<div class="cell">
<div class="sourceCode cell-code" id="cb3"><pre class="sourceCode r code-with-copy"><code class="sourceCode r"><span id="cb3-1"><a href="#cb3-1" aria-hidden="true" tabindex="-1"></a>plotly<span class="sc">::</span><span class="fu">ggplotly</span>(p)</span></code><button title="Copy to Clipboard" class="code-copy-button"><i class="bi"></i></button></pre></div>
<div class="cell-output-display">
<div class="plotly html-widget html-fill-item-overflow-hidden html-fill-item" id="htmlwidget-fbcc5fa913c35a24921b" style="width:100%;height:464px;"></div>
<script type="application/json" data-for="htmlwidget-fbcc5fa913c35a24921b">{"x":{"data":[{"x":[-5,-4.7999999999999998,-4.5999999999999996,-4.4000000000000004,-4.2000000000000002,-4,-3.7999999999999998,-3.5999999999999996,-3.3999999999999999,-3.2000000000000002,-3,-2.7999999999999998,-2.5999999999999996,-2.3999999999999999,-2.1999999999999997,-2,-1.7999999999999998,-1.5999999999999996,-1.3999999999999999,-1.1999999999999997,-1,-0.79999999999999982,-0.59999999999999964,-0.39999999999999947,-0.19999999999999929,0,0.20000000000000018,0.40000000000000036,0.60000000000000053,0.80000000000000071,1,1.2000000000000002,1.4000000000000004,1.6000000000000005,1.8000000000000007,2,2.2000000000000002,2.4000000000000004,2.6000000000000005,2.8000000000000007,3,3.2000000000000011,3.4000000000000004,3.5999999999999996,3.8000000000000007,4,4.2000000000000011,4.4000000000000004,4.6000000000000014,4.8000000000000007,5],"y":[-5,-4.7999999999999998,-4.5999999999999996,-4.4000000000000004,-4.2000000000000002,-4,-3.7999999999999998,-3.5999999999999996,-3.3999999999999999,-3.2000000000000002,-3,-2.7999999999999998,-2.5999999999999996,-2.3999999999999999,-2.1999999999999997,-2,-1.7999999999999998,-1.5999999999999996,-1.3999999999999999,-1.1999999999999997,-1,-0.79999999999999982,-0.59999999999999964,-0.39999999999999947,-0.19999999999999929,0,0.20000000000000018,0.40000000000000036,0.60000000000000053,0.80000000000000071,1,1.2000000000000002,1.4000000000000004,1.6000000000000005,1.8000000000000007,2,2.2000000000000002,2.4000000000000004,2.6000000000000005,2.8000000000000007,3,3.2000000000000011,3.4000000000000004,3.5999999999999996,3.8000000000000007,4,4.2000000000000011,4.4000000000000004,4.6000000000000014,4.8000000000000007,5],"z":[[0,0.00070816976938831763,0.0014896603785580465,0.0023519299618003438,0.0033031661397220787,0.0043523509788515611,0.0055093303129437332,0.0067848873829644066,0.0081908206521327555,0.0097400255248289071,0.011446579538697647,0.013325830402444378,0.01539448601171035,0.017670705285793918,0.020174188322502926,0.022926263960954402,0.025949972367252317,0.029270139711596734,0.03291344138567856,0.036908449517738709,0.041285659785796069,0.046077491720229811,0.051318255846736931,0.057044080182257248,0.063292787805795142,0.070103716545108136,0.07751747132890123,0.085575599551682716,0.094320180003226922,0.10379331666204036,0.11403653008945558,0.12509004143762223,0.13699194733893694,0.14977728828390552,0.16347701857148164,0.17811689249926033,0.19371628900496521,0.21028700518722132,0.22783205757088756,0.24634453801853737,0.26580657804886088,0.28618848011806697,0.30744807623043968,0.32953037222013587,0.3523675295414791,0.375879225112285,0.39997341382812107,0.42454749849952694,0.44948988940678319,0.47468191214566602,0.49999999999999994],[0.00070816976938831763,0.0014896603785580465,0.0023519299618003525,0.0033031661397220787,0.0043523509788515611,0.0055093303129437332,0.0067848873829644066,0.0081908206521327676,0.0097400255248289071,0.011446579538697647,0.013325830402444378,0.01539448601171035,0.017670705285793932,0.020174188322502926,0.022926263960954402,0.025949972367252317,0.029270139711596734,0.032913441385678574,0.036908449517738709,0.041285659785796069,0.046077491720229811,0.051318255846736931,0.057044080182257248,0.063292787805795142,0.070103716545108177,0.07751747132890123,0.085575599551682716,0.094320180003226922,0.10379331666204036,0.11403653008945563,0.12509004143762223,0.13699194733893694,0.14977728828390552,0.16347701857148164,0.17811689249926038,0.19371628900496521,0.21028700518722132,0.22783205757088756,0.24634453801853737,0.26580657804886099,0.28618848011806691,0.30744807623043985,0.32953037222013598,0.35236752954147899,0.37587922511228516,0.39997341382812091,0.424547498499527,0.44948988940678303,0.47468191214566613,0.50000000000000011,0.52531808785433398],[0.0014896603785580465,0.0023519299618003525,0.0033031661397220787,0.0043523509788515611,0.0055093303129437332,0.0067848873829644066,0.0081908206521327676,0.0097400255248289071,0.011446579538697647,0.013325830402444378,0.01539448601171035,0.017670705285793932,0.020174188322502926,0.022926263960954402,0.025949972367252331,0.029270139711596734,0.032913441385678574,0.036908449517738709,0.041285659785796069,0.046077491720229839,0.051318255846736931,0.057044080182257248,0.063292787805795142,0.070103716545108177,0.077517471328901258,0.085575599551682716,0.094320180003226922,0.10379331666204036,0.11403653008945563,0.12509004143762228,0.13699194733893694,0.14977728828390552,0.16347701857148164,0.17811689249926038,0.19371628900496529,0.21028700518722132,0.22783205757088756,0.24634453801853737,0.26580657804886099,0.28618848011806697,0.30744807623043968,0.32953037222013604,0.3523675295414791,0.375879225112285,0.39997341382812107,0.42454749849952694,0.44948988940678319,0.47468191214566602,0.50000000000000022,0.52531808785433409,0.55051011059321697],[0.0023519299618003438,0.0033031661397220787,0.0043523509788515611,0.0055093303129437332,0.0067848873829643953,0.0081908206521327555,0.0097400255248289071,0.011446579538697647,0.013325830402444372,0.01539448601171034,0.017670705285793918,0.020174188322502919,0.022926263960954402,0.025949972367252296,0.029270139711596734,0.03291344138567856,0.036908449517738688,0.041285659785796069,0.046077491720229791,0.051318255846736931,0.05704408018225722,0.063292787805795114,0.070103716545108136,0.07751747132890123,0.085575599551682716,0.094320180003226881,0.10379331666204031,0.11403653008945558,0.12509004143762223,0.13699194733893694,0.14977728828390544,0.16347701857148159,0.17811689249926033,0.19371628900496521,0.21028700518722132,0.22783205757088751,0.24634453801853726,0.26580657804886088,0.28618848011806691,0.30744807623043968,0.32953037222013587,0.3523675295414791,0.375879225112285,0.39997341382812085,0.42454749849952694,0.44948988940678292,0.47468191214566602,0.49999999999999994,0.52531808785433409,0.55051011059321697,0.57545250150047289],[0.0033031661397220787,0.0043523509788515611,0.0055093303129437332,0.0067848873829643953,0.0081908206521327555,0.0097400255248289071,0.011446579538697647,0.013325830402444378,0.01539448601171035,0.017670705285793918,0.020174188322502919,0.022926263960954402,0.025949972367252317,0.029270139711596734,0.03291344138567856,0.036908449517738688,0.041285659785796069,0.046077491720229811,0.051318255846736931,0.05704408018225722,0.063292787805795114,0.070103716545108136,0.07751747132890123,0.085575599551682716,0.094320180003226922,0.10379331666204031,0.11403653008945558,0.12509004143762223,0.13699194733893694,0.14977728828390552,0.16347701857148159,0.17811689249926033,0.19371628900496521,0.21028700518722132,0.22783205757088756,0.24634453801853726,0.26580657804886088,0.28618848011806691,0.30744807623043968,0.32953037222013598,0.35236752954147899,0.37587922511228516,0.39997341382812091,0.42454749849952678,0.44948988940678303,0.47468191214566591,0.50000000000000011,0.52531808785433398,0.55051011059321708,0.57545250150047311,0.60002658617187898],[0.0043523509788515611,0.0055093303129437332,0.0067848873829644066,0.0081908206521327555,0.0097400255248289071,0.011446579538697647,0.013325830402444378,0.01539448601171035,0.017670705285793918,0.020174188322502919,0.022926263960954402,0.025949972367252317,0.029270139711596734,0.03291344138567856,0.036908449517738709,0.041285659785796069,0.046077491720229811,0.051318255846736931,0.05704408018225722,0.063292787805795142,0.070103716545108136,0.07751747132890123,0.085575599551682716,0.094320180003226922,0.10379331666204036,0.11403653008945558,0.12509004143762223,0.13699194733893694,0.14977728828390552,0.16347701857148164,0.17811689249926033,0.19371628900496521,0.21028700518722132,0.22783205757088756,0.24634453801853737,0.26580657804886088,0.28618848011806691,0.30744807623043968,0.32953037222013598,0.3523675295414791,0.375879225112285,0.39997341382812107,0.42454749849952694,0.44948988940678292,0.47468191214566602,0.49999999999999994,0.52531808785433409,0.55051011059321697,0.57545250150047322,0.60002658617187909,0.62412077488771489],[0.0055093303129437332,0.0067848873829644066,0.0081908206521327676,0.0097400255248289071,0.011446579538697647,0.013325830402444378,0.01539448601171035,0.017670705285793932,0.020174188322502926,0.022926263960954402,0.025949972367252317,0.029270139711596734,0.032913441385678574,0.036908449517738709,0.041285659785796069,0.046077491720229811,0.051318255846736931,0.057044080182257248,0.063292787805795142,0.070103716545108136,0.07751747132890123,0.085575599551682716,0.094320180003226922,0.10379331666204036,0.11403653008945563,0.12509004143762223,0.13699194733893694,0.14977728828390552,0.16347701857148164,0.17811689249926038,0.19371628900496521,0.21028700518722132,0.22783205757088756,0.24634453801853737,0.26580657804886099,0.28618848011806691,0.30744807623043968,0.32953037222013598,0.3523675295414791,0.37587922511228516,0.39997341382812091,0.424547498499527,0.44948988940678303,0.47468191214566591,0.50000000000000011,0.52531808785433398,0.55051011059321708,0.57545250150047311,0.60002658617187921,0.624120774887715,0.6476324704585209],[0.0067848873829644066,0.0081908206521327676,0.0097400255248289071,0.011446579538697647,0.013325830402444378,0.01539448601171035,0.017670705285793932,0.020174188322502926,0.022926263960954402,0.025949972367252317,0.029270139711596734,0.032913441385678574,0.036908449517738709,0.041285659785796069,0.046077491720229839,0.051318255846736931,0.057044080182257248,0.063292787805795142,0.070103716545108136,0.077517471328901258,0.085575599551682716,0.094320180003226922,0.10379331666204036,0.11403653008945563,0.12509004143762228,0.13699194733893694,0.14977728828390552,0.16347701857148164,0.17811689249926038,0.19371628900496529,0.21028700518722132,0.22783205757088756,0.24634453801853737,0.26580657804886099,0.28618848011806697,0.30744807623043968,0.32953037222013598,0.3523675295414791,0.37587922511228516,0.39997341382812107,0.42454749849952694,0.44948988940678319,0.47468191214566602,0.49999999999999994,0.52531808785433409,0.55051011059321697,0.57545250150047322,0.60002658617187909,0.62412077488771511,0.64763247045852113,0.67046962777986396],[0.0081908206521327555,0.0097400255248289071,0.011446579538697647,0.013325830402444372,0.01539448601171035,0.017670705285793918,0.020174188322502926,0.022926263960954402,0.025949972367252317,0.029270139711596734,0.03291344138567856,0.036908449517738709,0.041285659785796069,0.046077491720229811,0.051318255846736931,0.05704408018225722,0.063292787805795142,0.070103716545108136,0.07751747132890123,0.085575599551682716,0.094320180003226881,0.10379331666204036,0.11403653008945561,0.12509004143762226,0.13699194733893694,0.14977728828390546,0.16347701857148161,0.17811689249926035,0.19371628900496524,0.21028700518722135,0.22783205757088756,0.24634453801853737,0.26580657804886093,0.28618848011806697,0.30744807623043979,0.32953037222013593,0.35236752954147904,0.37587922511228511,0.39997341382812096,0.42454749849952694,0.44948988940678303,0.47468191214566613,0.50000000000000011,0.52531808785433387,0.55051011059321708,0.57545250150047311,0.60002658617187909,0.624120774887715,0.64763247045852113,0.67046962777986396,0.69255192376956032],[0.0097400255248289071,0.011446579538697647,0.013325830402444378,0.01539448601171034,0.017670705285793918,0.020174188322502919,0.022926263960954402,0.025949972367252317,0.029270139711596734,0.03291344138567856,0.036908449517738688,0.041285659785796069,0.046077491720229811,0.051318255846736931,0.05704408018225722,0.063292787805795114,0.070103716545108136,0.07751747132890123,0.085575599551682716,0.094320180003226881,0.10379331666204031,0.11403653008945558,0.12509004143762223,0.13699194733893694,0.14977728828390552,0.16347701857148159,0.17811689249926033,0.19371628900496521,0.21028700518722132,0.22783205757088756,0.24634453801853726,0.26580657804886088,0.28618848011806691,0.30744807623043968,0.32953037222013598,0.35236752954147899,0.375879225112285,0.39997341382812091,0.42454749849952694,0.44948988940678303,0.47468191214566591,0.50000000000000011,0.52531808785433398,0.55051011059321686,0.57545250150047311,0.60002658617187898,0.624120774887715,0.6476324704585209,0.67046962777986407,0.69255192376956032,0.71381151988193292],[0.011446579538697647,0.013325830402444378,0.01539448601171035,0.017670705285793918,0.020174188322502919,0.022926263960954402,0.025949972367252317,0.029270139711596734,0.03291344138567856,0.036908449517738688,0.041285659785796069,0.046077491720229811,0.051318255846736931,0.05704408018225722,0.063292787805795142,0.070103716545108136,0.07751747132890123,0.085575599551682716,0.094320180003226881,0.10379331666204036,0.11403653008945558,0.12509004143762223,0.13699194733893694,0.14977728828390552,0.16347701857148164,0.17811689249926033,0.19371628900496521,0.21028700518722132,0.22783205757088756,0.24634453801853737,0.26580657804886088,0.28618848011806691,0.30744807623043968,0.32953037222013598,0.3523675295414791,0.375879225112285,0.39997341382812091,0.42454749849952694,0.44948988940678303,0.47468191214566602,0.49999999999999994,0.52531808785433409,0.55051011059321697,0.57545250150047289,0.60002658617187909,0.62412077488771489,0.64763247045852113,0.67046962777986396,0.69255192376956043,0.71381151988193303,0.73419342195113901],[0.013325830402444378,0.01539448601171035,0.017670705285793932,0.020174188322502919,0.022926263960954402,0.025949972367252317,0.029270139711596734,0.032913441385678574,0.036908449517738709,0.041285659785796069,0.046077491720229811,0.051318255846736931,0.057044080182257248,0.063292787805795142,0.070103716545108136,0.07751747132890123,0.085575599551682716,0.094320180003226922,0.10379331666204036,0.11403653008945561,0.12509004143762223,0.13699194733893694,0.14977728828390552,0.16347701857148164,0.17811689249926038,0.19371628900496521,0.21028700518722132,0.22783205757088756,0.24634453801853737,0.26580657804886099,0.28618848011806691,0.30744807623043968,0.32953037222013598,0.3523675295414791,0.37587922511228516,0.39997341382812091,0.42454749849952694,0.44948988940678303,0.47468191214566602,0.50000000000000011,0.52531808785433398,0.55051011059321708,0.57545250150047311,0.60002658617187898,0.624120774887715,0.6476324704585209,0.67046962777986407,0.69255192376956032,0.71381151988193314,0.73419342195113912,0.75365546198146272],[0.01539448601171035,0.017670705285793932,0.020174188322502926,0.022926263960954402,0.025949972367252317,0.029270139711596734,0.032913441385678574,0.036908449517738709,0.041285659785796069,0.046077491720229811,0.051318255846736931,0.057044080182257248,0.063292787805795142,0.070103716545108136,0.077517471328901258,0.085575599551682716,0.094320180003226922,0.10379331666204036,0.11403653008945561,0.12509004143762226,0.13699194733893694,0.14977728828390552,0.16347701857148164,0.17811689249926038,0.19371628900496529,0.21028700518722132,0.22783205757088756,0.24634453801853737,0.26580657804886099,0.28618848011806697,0.30744807623043968,0.32953037222013598,0.3523675295414791,0.37587922511228516,0.39997341382812107,0.42454749849952694,0.44948988940678303,0.47468191214566602,0.50000000000000011,0.52531808785433409,0.55051011059321697,0.57545250150047322,0.60002658617187909,0.62412077488771489,0.64763247045852113,0.67046962777986396,0.69255192376956043,0.71381151988193303,0.73419342195113924,0.75365546198146272,0.77216794242911246],[0.017670705285793918,0.020174188322502926,0.022926263960954402,0.025949972367252296,0.029270139711596734,0.03291344138567856,0.036908449517738709,0.041285659785796069,0.046077491720229811,0.051318255846736931,0.05704408018225722,0.063292787805795142,0.070103716545108136,0.07751747132890123,0.085575599551682716,0.094320180003226881,0.10379331666204036,0.11403653008945561,0.12509004143762223,0.13699194733893694,0.14977728828390546,0.16347701857148161,0.17811689249926035,0.19371628900496524,0.21028700518722135,0.22783205757088756,0.24634453801853737,0.26580657804886093,0.28618848011806697,0.30744807623043979,0.32953037222013593,0.35236752954147904,0.37587922511228511,0.39997341382812096,0.42454749849952694,0.44948988940678303,0.47468191214566591,0.50000000000000011,0.52531808785433398,0.55051011059321708,0.57545250150047311,0.60002658617187909,0.624120774887715,0.6476324704585209,0.67046962777986396,0.69255192376956032,0.71381151988193314,0.73419342195113901,0.75365546198146283,0.77216794242911246,0.78971299481277857],[0.020174188322502926,0.022926263960954402,0.025949972367252331,0.029270139711596734,0.03291344138567856,0.036908449517738709,0.041285659785796069,0.046077491720229839,0.051318255846736931,0.05704408018225722,0.063292787805795142,0.070103716545108136,0.077517471328901258,0.085575599551682716,0.094320180003226922,0.10379331666204036,0.11403653008945561,0.12509004143762226,0.13699194733893694,0.14977728828390552,0.16347701857148161,0.17811689249926035,0.19371628900496524,0.21028700518722135,0.22783205757088765,0.24634453801853737,0.26580657804886093,0.28618848011806697,0.30744807623043979,0.32953037222013604,0.35236752954147904,0.37587922511228511,0.39997341382812096,0.42454749849952694,0.44948988940678308,0.47468191214566591,0.50000000000000011,0.52531808785433398,0.55051011059321708,0.57545250150047322,0.60002658617187909,0.624120774887715,0.64763247045852101,0.67046962777986396,0.69255192376956043,0.71381151988193303,0.73419342195113912,0.75365546198146272,0.77216794242911257,0.78971299481277857,0.80628371099503471],[0.022926263960954402,0.025949972367252317,0.029270139711596734,0.03291344138567856,0.036908449517738688,0.041285659785796069,0.046077491720229811,0.051318255846736931,0.05704408018225722,0.063292787805795114,0.070103716545108136,0.07751747132890123,0.085575599551682716,0.094320180003226881,0.10379331666204036,0.11403653008945558,0.12509004143762223,0.13699194733893694,0.14977728828390546,0.16347701857148161,0.17811689249926033,0.19371628900496521,0.21028700518722132,0.22783205757088756,0.24634453801853737,0.26580657804886088,0.28618848011806691,0.30744807623043968,0.32953037222013598,0.3523675295414791,0.375879225112285,0.39997341382812091,0.42454749849952694,0.44948988940678303,0.47468191214566602,0.49999999999999994,0.52531808785433398,0.55051011059321697,0.57545250150047311,0.60002658617187909,0.62412077488771489,0.64763247045852113,0.67046962777986396,0.69255192376956032,0.71381151988193303,0.73419342195113901,0.75365546198146272,0.77216794242911246,0.78971299481277857,0.80628371099503471,0.82188310750073956],[0.025949972367252317,0.029270139711596734,0.032913441385678574,0.036908449517738688,0.041285659785796069,0.046077491720229811,0.051318255846736931,0.057044080182257248,0.063292787805795142,0.070103716545108136,0.07751747132890123,0.085575599551682716,0.094320180003226922,0.10379331666204036,0.11403653008945561,0.12509004143762223,0.13699194733893694,0.14977728828390552,0.16347701857148161,0.17811689249926035,0.19371628900496521,0.21028700518722132,0.22783205757088756,0.24634453801853737,0.26580657804886099,0.28618848011806691,0.30744807623043968,0.32953037222013598,0.3523675295414791,0.37587922511228516,0.39997341382812091,0.42454749849952694,0.44948988940678303,0.47468191214566602,0.50000000000000011,0.52531808785433398,0.55051011059321697,0.57545250150047311,0.60002658617187909,0.624120774887715,0.6476324704585209,0.67046962777986407,0.69255192376956032,0.71381151988193292,0.73419342195113912,0.75365546198146272,0.77216794242911246,0.78971299481277857,0.80628371099503471,0.82188310750073967,0.83652298142851822],[0.029270139711596734,0.032913441385678574,0.036908449517738709,0.041285659785796069,0.046077491720229811,0.051318255846736931,0.057044080182257248,0.063292787805795142,0.070103716545108136,0.07751747132890123,0.085575599551682716,0.094320180003226922,0.10379331666204036,0.11403653008945561,0.12509004143762226,0.13699194733893694,0.14977728828390552,0.16347701857148164,0.17811689249926035,0.19371628900496524,0.21028700518722132,0.22783205757088756,0.24634453801853737,0.26580657804886099,0.28618848011806697,0.30744807623043968,0.32953037222013598,0.3523675295414791,0.37587922511228516,0.39997341382812107,0.42454749849952694,0.44948988940678303,0.47468191214566602,0.50000000000000011,0.52531808785433409,0.55051011059321697,0.57545250150047311,0.60002658617187909,0.624120774887715,0.64763247045852113,0.67046962777986396,0.69255192376956043,0.71381151988193303,0.73419342195113901,0.75365546198146272,0.77216794242911246,0.78971299481277857,0.80628371099503471,0.82188310750073967,0.83652298142851833,0.85022271171609431],[0.03291344138567856,0.036908449517738709,0.041285659785796069,0.046077491720229791,0.051318255846736931,0.05704408018225722,0.063292787805795142,0.070103716545108136,0.07751747132890123,0.085575599551682716,0.094320180003226881,0.10379331666204036,0.11403653008945561,0.12509004143762223,0.13699194733893694,0.14977728828390546,0.16347701857148161,0.17811689249926035,0.19371628900496521,0.21028700518722132,0.22783205757088756,0.24634453801853737,0.26580657804886093,0.28618848011806697,0.30744807623043979,0.32953037222013593,0.35236752954147904,0.37587922511228511,0.39997341382812096,0.42454749849952694,0.44948988940678303,0.47468191214566591,0.50000000000000011,0.52531808785433398,0.55051011059321708,0.57545250150047311,0.60002658617187909,0.624120774887715,0.64763247045852101,0.67046962777986396,0.69255192376956032,0.71381151988193314,0.73419342195113901,0.75365546198146272,0.77216794242911246,0.78971299481277857,0.80628371099503471,0.82188310750073956,0.83652298142851833,0.85022271171609454,0.86300805266106306],[0.036908449517738709,0.041285659785796069,0.046077491720229839,0.051318255846736931,0.05704408018225722,0.063292787805795142,0.070103716545108136,0.077517471328901258,0.085575599551682716,0.094320180003226881,0.10379331666204036,0.11403653008945561,0.12509004143762226,0.13699194733893694,0.14977728828390552,0.16347701857148161,0.17811689249926035,0.19371628900496524,0.21028700518722132,0.22783205757088756,0.24634453801853737,0.26580657804886093,0.28618848011806697,0.30744807623043979,0.32953037222013604,0.35236752954147904,0.37587922511228511,0.39997341382812096,0.42454749849952694,0.44948988940678308,0.47468191214566591,0.50000000000000011,0.52531808785433398,0.55051011059321708,0.57545250150047322,0.60002658617187909,0.624120774887715,0.64763247045852101,0.67046962777986396,0.69255192376956043,0.71381151988193303,0.73419342195113912,0.75365546198146272,0.77216794242911224,0.78971299481277857,0.80628371099503471,0.82188310750073967,0.83652298142851833,0.85022271171609454,0.86300805266106306,0.87490995856237763],[0.041285659785796069,0.046077491720229811,0.051318255846736931,0.05704408018225722,0.063292787805795114,0.070103716545108136,0.07751747132890123,0.085575599551682716,0.094320180003226881,0.10379331666204031,0.11403653008945558,0.12509004143762223,0.13699194733893694,0.14977728828390546,0.16347701857148161,0.17811689249926033,0.19371628900496521,0.21028700518722132,0.22783205757088756,0.24634453801853737,0.26580657804886088,0.28618848011806691,0.30744807623043968,0.32953037222013598,0.3523675295414791,0.375879225112285,0.39997341382812091,0.42454749849952694,0.44948988940678303,0.47468191214566602,0.49999999999999994,0.52531808785433398,0.55051011059321697,0.57545250150047311,0.60002658617187909,0.62412077488771489,0.6476324704585209,0.67046962777986396,0.69255192376956032,0.71381151988193303,0.73419342195113901,0.75365546198146272,0.77216794242911246,0.78971299481277857,0.80628371099503471,0.82188310750073956,0.83652298142851833,0.85022271171609431,0.86300805266106306,0.87490995856237763,0.8859634699105442],[0.046077491720229811,0.051318255846736931,0.057044080182257248,0.063292787805795114,0.070103716545108136,0.07751747132890123,0.085575599551682716,0.094320180003226922,0.10379331666204036,0.11403653008945558,0.12509004143762223,0.13699194733893694,0.14977728828390552,0.16347701857148161,0.17811689249926035,0.19371628900496521,0.21028700518722132,0.22783205757088756,0.24634453801853737,0.26580657804886093,0.28618848011806691,0.30744807623043968,0.32953037222013598,0.3523675295414791,0.37587922511228516,0.39997341382812091,0.42454749849952694,0.44948988940678303,0.47468191214566602,0.50000000000000011,0.52531808785433398,0.55051011059321697,0.57545250150047311,0.60002658617187909,0.624120774887715,0.6476324704585209,0.67046962777986396,0.69255192376956032,0.71381151988193303,0.73419342195113912,0.75365546198146272,0.77216794242911246,0.78971299481277857,0.8062837109950346,0.82188310750073967,0.83652298142851822,0.85022271171609454,0.86300805266106306,0.87490995856237785,0.88596346991054442,0.89620668333795961],[0.051318255846736931,0.057044080182257248,0.063292787805795142,0.070103716545108136,0.07751747132890123,0.085575599551682716,0.094320180003226922,0.10379331666204036,0.11403653008945561,0.12509004143762223,0.13699194733893694,0.14977728828390552,0.16347701857148164,0.17811689249926035,0.19371628900496524,0.21028700518722132,0.22783205757088756,0.24634453801853737,0.26580657804886093,0.28618848011806697,0.30744807623043968,0.32953037222013598,0.3523675295414791,0.37587922511228516,0.39997341382812107,0.42454749849952694,0.44948988940678303,0.47468191214566602,0.50000000000000011,0.52531808785433409,0.55051011059321697,0.57545250150047311,0.60002658617187909,0.624120774887715,0.64763247045852113,0.67046962777986396,0.69255192376956032,0.71381151988193303,0.73419342195113912,0.75365546198146272,0.77216794242911246,0.78971299481277857,0.80628371099503471,0.82188310750073956,0.83652298142851833,0.85022271171609431,0.86300805266106306,0.87490995856237763,0.88596346991054442,0.89620668333795961,0.90567981999677294],[0.057044080182257248,0.063292787805795142,0.070103716545108177,0.07751747132890123,0.085575599551682716,0.094320180003226922,0.10379331666204036,0.11403653008945563,0.12509004143762226,0.13699194733893694,0.14977728828390552,0.16347701857148164,0.17811689249926038,0.19371628900496524,0.21028700518722135,0.22783205757088756,0.24634453801853737,0.26580657804886099,0.28618848011806697,0.30744807623043979,0.32953037222013598,0.3523675295414791,0.37587922511228516,0.39997341382812107,0.424547498499527,0.44948988940678303,0.47468191214566602,0.50000000000000011,0.52531808785433409,0.55051011059321708,0.57545250150047311,0.60002658617187909,0.624120774887715,0.64763247045852113,0.67046962777986407,0.69255192376956032,0.71381151988193303,0.73419342195113912,0.75365546198146272,0.77216794242911246,0.78971299481277857,0.80628371099503471,0.82188310750073967,0.83652298142851822,0.85022271171609454,0.86300805266106306,0.87490995856237785,0.88596346991054442,0.89620668333795961,0.90567981999677294,0.91442440044831719],[0.063292787805795142,0.070103716545108177,0.077517471328901258,0.085575599551682716,0.094320180003226922,0.10379331666204036,0.11403653008945563,0.12509004143762228,0.13699194733893694,0.14977728828390552,0.16347701857148164,0.17811689249926038,0.19371628900496529,0.21028700518722135,0.22783205757088765,0.24634453801853737,0.26580657804886099,0.28618848011806697,0.30744807623043979,0.32953037222013604,0.3523675295414791,0.37587922511228516,0.39997341382812107,0.424547498499527,0.44948988940678319,0.47468191214566602,0.50000000000000011,0.52531808785433409,0.55051011059321708,0.57545250150047322,0.60002658617187909,0.624120774887715,0.64763247045852113,0.67046962777986407,0.69255192376956043,0.71381151988193303,0.73419342195113912,0.75365546198146272,0.77216794242911246,0.78971299481277857,0.80628371099503471,0.82188310750073967,0.83652298142851833,0.85022271171609431,0.86300805266106306,0.87490995856237763,0.88596346991054442,0.89620668333795961,0.90567981999677316,0.9144244004483173,0.9224825286710987],[0.070103716545108136,0.07751747132890123,0.085575599551682716,0.094320180003226881,0.10379331666204031,0.11403653008945558,0.12509004143762223,0.13699194733893694,0.14977728828390546,0.16347701857148159,0.17811689249926033,0.19371628900496521,0.21028700518722132,0.22783205757088756,0.24634453801853737,0.26580657804886088,0.28618848011806691,0.30744807623043968,0.32953037222013593,0.35236752954147904,0.375879225112285,0.39997341382812091,0.42454749849952694,0.44